object formAgent: TformAgent
  Left = 0
  Top = 0
  Caption = 'Form2'
  ClientHeight = 198
  ClientWidth = 528
  FormFactor.Width = 320
  FormFactor.Height = 480
  FormFactor.Devices = [Desktop]
  DesignerMasterStyle = 0
  object lbTitle: TLabel
    Align = Top
    StyledSettings = [Family, FontColor]
    Margins.Left = 10.000000000000000000
    Margins.Top = 10.000000000000000000
    Margins.Right = 10.000000000000000000
    Margins.Bottom = 5.000000000000000000
    Position.X = 10.000000000000000000
    Position.Y = 10.000000000000000000
    Size.Width = 508.000000000000000000
    Size.Height = 49.000000000000000000
    Size.PlatformDefault = False
    TextSettings.Font.Size = 28.000000000000000000
    TextSettings.Font.StyleExt = {00070000000000000004000000}
    Text = 'lbTitle'
    TabOrder = 0
  end
  object Layout1: TLayout
    Align = Top
    Margins.Left = 10.000000000000000000
    Margins.Right = 10.000000000000000000
    Margins.Bottom = 5.000000000000000000
    Position.X = 10.000000000000000000
    Position.Y = 64.000000000000000000
    Size.Width = 508.000000000000000000
    Size.Height = 105.000000000000000000
    Size.PlatformDefault = False
    TabOrder = 1
    object Label1: TLabel
      StyledSettings = [Family, FontColor]
      Position.X = 16.000000000000000000
      Position.Y = 16.000000000000000000
      Size.Width = 49.000000000000000000
      Size.Height = 33.000000000000000000
      Size.PlatformDefault = False
      TextSettings.Font.Size = 16.000000000000000000
      TextSettings.Font.StyleExt = {00070000000000000004000000}
      Text = 'ID'
      TabOrder = 1
    end
    object edCode: TEdit
      Touch.InteractiveGestures = [LongTap, DoubleTap]
      TabOrder = 3
      ReadOnly = True
      Position.X = 104.000000000000000000
      Position.Y = 16.000000000000000000
      Enabled = False
      Size.Width = 100.000000000000000000
      Size.Height = 33.000000000000000000
      Size.PlatformDefault = False
    end
    object edEntity: TEdit
      Touch.InteractiveGestures = [LongTap, DoubleTap]
      TabOrder = 2
      Position.X = 104.000000000000000000
      Position.Y = 64.000000000000000000
      Size.Width = 393.000000000000000000
      Size.Height = 33.000000000000000000
      Size.PlatformDefault = False
    end
    object Label2: TLabel
      StyledSettings = [Family, FontColor]
      Position.X = 16.000000000000000000
      Position.Y = 64.000000000000000000
      Size.Width = 49.000000000000000000
      Size.Height = 33.000000000000000000
      Size.PlatformDefault = False
      TextSettings.Font.Size = 16.000000000000000000
      TextSettings.Font.StyleExt = {00070000000000000004000000}
      Text = 'Entity'
      TabOrder = 0
    end
  end
end
